image: dy_grasp.pgm
resolution: 0.020000
origin: [-12.520000, -11.880000, 0.000000]
negate: 0
occupied_thresh: 0.65
free_thresh: 0.196

